[[0, 575, 464]]
[[0, 575, 464], [1, 530, 466]]
[[0, 575, 464], [1, 530, 466], [2, 490, 448]]
[[0, 575, 464], [1, 530, 466], [2, 490, 448], [3, 461, 431]]
[[0, 575, 464], [1, 530, 466], [2, 490, 448], [3, 461, 431], [4, 431, 417]]
[[0, 575, 464], [1, 530, 466], [2, 490, 448], [3, 461, 431], [4, 431, 417], [5, 505, 379]]
[[0, 575, 464], [1, 530, 466], [2, 490, 448], [3, 461, 431], [4, 431, 417], [5, 505, 379], [6, 486, 350]]
[[0, 575, 464], [1, 530, 466], [2, 490, 448], [3, 461, 431], [4, 431, 417], [5, 505, 379], [6, 486, 350], [7, 474, 336]]
[[0, 575, 464], [1, 530, 466], [2, 490, 448], [3, 461, 431], [4, 431, 417], [5, 505, 379], [6, 486, 350], [7, 474, 336], [8, 464, 325]]
[[0, 575, 464], [1, 530, 466], [2, 490, 448], [3, 461, 431], [4, 431, 417], [5, 505, 379], [6, 486, 350], [7, 474, 336], [8, 464, 325], [9, 537, 366]]
[[0, 575, 464], [1, 530, 466], [2, 490, 448], [3, 461, 431], [4, 431, 417], [5, 505, 379], [6, 486, 350], [7, 474, 336], [8, 464, 325], [9, 537, 366], [10, 522, 334]]
[[0, 575, 464], [1, 530, 466], [2, 490, 448], [3, 461, 431], [4, 431, 417], [5, 505, 379], [6, 486, 350], [7, 474, 336], [8, 464, 325], [9, 537, 366], [10, 522, 334], [11, 520, 328]]
[[0, 575, 464], [1, 530, 466], [2, 490, 448], [3, 461, 431], [4, 431, 417], [5, 505, 379], [6, 486, 350], [7, 474, 336], [8, 464, 325], [9, 537, 366], [10, 522, 334], [11, 520, 328], [12, 519, 327]]
[[0, 575, 464], [1, 530, 466], [2, 490, 448], [3, 461, 431], [4, 431, 417], [5, 505, 379], [6, 486, 350], [7, 474, 336], [8, 464, 325], [9, 537, 366], [10, 522, 334], [11, 520, 328], [12, 519, 327], [13, 570, 365]]
[[0, 575, 464], [1, 530, 466], [2, 490, 448], [3, 461, 431], [4, 431, 417], [5, 505, 379], [6, 486, 350], [7, 474, 336], [8, 464, 325], [9, 537, 366], [10, 522, 334], [11, 520, 328], [12, 519, 327], [13, 570, 365], [14, 562, 335]]
[[0, 575, 464], [1, 530, 466], [2, 490, 448], [3, 461, 431], [4, 431, 417], [5, 505, 379], [6, 486, 350], [7, 474, 336], [8, 464, 325], [9, 537, 366], [10, 522, 334], [11, 520, 328], [12, 519, 327], [13, 570, 365], [14, 562, 335], [15, 561, 328]]
[[0, 575, 464], [1, 530, 466], [2, 490, 448], [3, 461, 431], [4, 431, 417], [5, 505, 379], [6, 486, 350], [7, 474, 336], [8, 464, 325], [9, 537, 366], [10, 522, 334], [11, 520, 328], [12, 519, 327], [13, 570, 365], [14, 562, 335], [15, 561, 328], [16, 558, 324]]
[[0, 575, 464], [1, 530, 466], [2, 490, 448], [3, 461, 431], [4, 431, 417], [5, 505, 379], [6, 486, 350], [7, 474, 336], [8, 464, 325], [9, 537, 366], [10, 522, 334], [11, 520, 328], [12, 519, 327], [13, 570, 365], [14, 562, 335], [15, 561, 328], [16, 558, 324], [17, 603, 372]]
[[0, 575, 464], [1, 530, 466], [2, 490, 448], [3, 461, 431], [4, 431, 417], [5, 505, 379], [6, 486, 350], [7, 474, 336], [8, 464, 325], [9, 537, 366], [10, 522, 334], [11, 520, 328], [12, 519, 327], [13, 570, 365], [14, 562, 335], [15, 561, 328], [16, 558, 324], [17, 603, 372], [18, 602, 347]]
[[0, 575, 464], [1, 530, 466], [2, 490, 448], [3, 461, 431], [4, 431, 417], [5, 505, 379], [6, 486, 350], [7, 474, 336], [8, 464, 325], [9, 537, 366], [10, 522, 334], [11, 520, 328], [12, 519, 327], [13, 570, 365], [14, 562, 335], [15, 561, 328], [16, 558, 324], [17, 603, 372], [18, 602, 347], [19, 603, 338]]
[[0, 575, 464], [1, 530, 466], [2, 490, 448], [3, 461, 431], [4, 431, 417], [5, 505, 379], [6, 486, 350], [7, 474, 336], [8, 464, 325], [9, 537, 366], [10, 522, 334], [11, 520, 328], [12, 519, 327], [13, 570, 365], [14, 562, 335], [15, 561, 328], [16, 558, 324], [17, 603, 372], [18, 602, 347], [19, 603, 338], [20, 600, 333]]
[[0, 513, 431]]
[[0, 513, 431], [1, 472, 429]]
[[0, 513, 431], [1, 472, 429], [2, 439, 407]]
......
