------------------------
Right Hand:
lmList
[[0, 450, 320], [1, 416, 315], [2, 385, 296], [3, 361, 280], [4, 338, 274], [5, 399, 250], [6, 384, 223], [7, 373, 205], [8, 364, 190], [9, 419, 241], [10, 410, 206], [11, 404, 183], [12, 398, 163], [13, 440, 241], [14, 435, 207], [15, 430, 185], [16, 425, 166], [17, 462, 248], [18, 465, 220], [19, 467, 201], [20, 468, 184]]
fingersRightHand
[1, 1, 1, 1, 1]
------------------------
Left Hand
[[0, 450, 320], [1, 416, 315], [2, 385, 296], [3, 361, 280], [4, 338, 274], [5, 399, 250], [6, 384, 223], [7, 373, 205], [8, 364, 190], [9, 419, 241], [10, 410, 206], [11, 404, 183], [12, 398, 163], [13, 440, 241], [14, 435, 207], [15, 430, 185], [16, 425, 166], [17, 462, 248], [18, 465, 220], [19, 467, 201], [20, 468, 184]]
fingersLeftHand
[0, 1, 1, 1, 1]
------------------------